                47.0    0.302212119102478
                54.0  0.24240413308143616
                74.0   0.4019348919391632
                84.0    0.563542902469635
                87.0   0.6979504227638245
                97.0 0.033684078603982925
               114.0   1.6991974115371704
               137.0    3.141097068786621
               147.0    4.181344032287598
               154.0    4.572711944580078
               164.0    4.341564178466797
               177.0    3.759239435195923
               187.0   2.5051991939544678
               189.0   1.9819612503051758
               194.0   1.4915391206741333
               197.0   1.1006295680999756
               199.0   0.7167673707008362
               202.0  0.45904579758644104
               212.0   0.0859503298997879
               217.0   0.3636239767074585
               227.0   0.5538424849510193
               229.0   0.5429374575614929
               232.0   0.5536731481552124
               234.0   0.6724744439125061
               237.0   0.6094104647636414
               239.0 0.026763126254081726
               247.0   0.7489593625068665
               264.0   0.6243271827697754
               267.0  0.32916444540023804
               269.0  0.43977516889572144
               284.0  0.23537148535251617
               287.0   0.9035475254058838
               289.0   0.9287590980529785
               292.0   0.4516202211380005
               347.0  0.30683425068855286
               349.0  0.13455261290073395
